4.031027799525174760e-03
7.762689057607982321e-03
1.121841181262246516e-02
1.441844719894423178e-02
1.738168080077688235e-02
2.012562425345171616e-02
2.266650027016932356e-02
2.501933375221830971e-02
2.719803898949994803e-02
2.921550126366079247e-02
3.108365272042266925e-02
3.281354276393949609e-02
3.441540329056125280e-02
3.589870913292878690e-02
3.727223404689666147e-02
3.854410256595910272e-02
3.972183802533973268e-02
4.081240703707390144e-02
4.182226067738576553e-02
4.275737262878515077e-02
4.362327450162575143e-02
4.442508854339925761e-02
4.516755792874943554e-02
4.585507480897220434e-02
4.649170628664429233e-02
4.708121846856339054e-02
4.762709873944005051e-02
4.813257638758055429e-02
4.860064170456767502e-02
4.903406367178060610e-02
4.943540633826266212e-02
4.980704398674342531e-02
5.015117517744592524e-02
5.046983575270569400e-02
5.076491087926640611e-02
5.103814619945826192e-02
5.129115815716982912e-02
5.152544355970305190e-02
5.174238843197043192e-02
5.194327621555713120e-02
5.212929536077094694e-02
5.230154635732404966e-02
5.246104824361787905e-02
5.260874463609181012e-02
5.274550930718938796e-02
5.287215135278570260e-02
