4.031027799525182566e-03
7.762689057588833576e-03
1.121841181259524388e-02
1.441844719892009831e-02
1.738168080074917188e-02
2.012562425344825018e-02
2.266650027017475325e-02
2.501933375223265935e-02
2.719803898952308230e-02
2.921550126369282241e-02
3.108365272255507808e-02
3.281354276844582890e-02
3.441540329698082601e-02
3.589870914130637025e-02
3.727223405725924033e-02
3.854410257830952202e-02
3.972183803962323762e-02
4.081240705342010361e-02
4.182226069584853156e-02
4.275737264925581066e-02
4.362327452409484052e-02
4.442508856781395010e-02
4.516755795466843859e-02
4.585507483530018580e-02
4.649170630934283677e-02
4.708121847788673819e-02
4.762709871179376941e-02
4.813257626767612762e-02
