4.031027799525180831e-03
7.762689057595649304e-03
1.121841181260959178e-02
1.441844719892862968e-02
1.738168080075833122e-02
2.012562425341850661e-02
2.266650027012741958e-02
2.501933375216799579e-02
2.719803898944139070e-02
2.921550126359398827e-02
3.108365272048750280e-02
3.281354276417914467e-02
3.441540329101142048e-02
3.589870913361724314e-02
3.727223404784406335e-02
3.854410256754754044e-02
3.972183802765492933e-02
4.081240703994638147e-02
4.182226068079769599e-02
4.275737263271608274e-02
4.362327450605235635e-02
4.442508854829869264e-02
4.516755793404850922e-02
4.585507481480752268e-02
4.649170629297443708e-02
4.708121847566604928e-02
4.762709874711703456e-02
4.813257639642695707e-02
4.860064171312176301e-02
4.903406368063698006e-02
4.943540634633036834e-02
4.980704399462199117e-02
5.015117518514500272e-02
5.046983576022320145e-02
5.076491088636698318e-02
5.103814620504618094e-02
5.129115815263764894e-02
