4.031027799525187770e-03
7.762689057610618233e-03
1.121841181263227329e-02
1.441844719895906193e-02
1.738168080079644309e-02
2.012562425350392439e-02
2.266650027023878536e-02
2.501933375230505630e-02
2.719803898497812067e-02
2.921550125428097958e-02
3.108365270991254523e-02
3.281354275268943965e-02
3.441540327811812988e-02
3.589870911944887527e-02
3.727223403249135814e-02
3.854410255074802727e-02
3.972183800943282495e-02
4.081240702057187947e-02
4.182226066037997986e-02
4.275737261136033224e-02
4.362327448388218787e-02
4.442508852541496300e-02
4.516755791059357678e-02
4.585507479070562165e-02
4.649170626823645458e-02
4.708121845002628120e-02
4.762709872078341178e-02
4.813257636881152629e-02
4.860064168221731734e-02
4.903406364461591199e-02
4.943540630524453222e-02
4.980704394700570525e-02
5.015117513027592816e-02
5.046983569752815091e-02
5.076491081562695823e-02
5.103814612700825065e-02
5.129115807566019675e-02
5.152544346895766847e-02
5.174238833190330372e-02
5.194327610611223361e-02
5.212929524203403081e-02
5.230154622931104669e-02
5.246104810684266984e-02
5.260874449106310580e-02
5.274550915807623558e-02
5.287215121266894413e-02
5.298941987477380489e-02
5.309800891168559023e-02
5.319856074225558229e-02
5.329167023732855196e-02
5.337788823891361639e-02
5.345772481889321526e-02
5.353165229655434953e-02
5.360010803278531660e-02
5.366349701747216011e-02
5.372219426539637244e-02
5.377654703480151677e-02
5.382687688176650276e-02
5.387348156252338982e-02
5.391663679497935707e-02
5.395659788986832683e-02
5.399360126116870690e-02
5.402786582473551730e-02
5.405959429341213041e-02
5.408897437628674282e-02
5.411617988918882016e-02
5.414137178299056191e-02
5.416469909580232112e-02
5.418629983469049061e-02
5.420630179213767330e-02
5.422482330207128998e-02
5.424197393993705762e-02
5.425785517095427918e-02
5.427256095039454525e-02
5.428617827942741614e-02
5.429878771983041169e-02
5.431046387059515479e-02
5.432127580926775223e-02
5.433128750061368140e-02
5.434055817504233887e-02
5.434914267902026669e-02
5.435709179954703596e-02
5.436445256461858860e-02
5.437126852144894690e-02
5.437757999409945087e-02
5.438342432204283650e-02
5.438883608106576117e-02
5.439384728782369754e-02
5.439848758925521638e-02
5.440278443797733759e-02
5.440676325469700342e-02
5.441044757860549752e-02
5.441385920663566189e-02
5.441701832241901265e-02
5.441994361569068434e-02
5.442265239286439571e-02
5.442516067941540608e-02
5.442748331469138279e-02
5.442963403970264152e-02
5.443162557841817878e-02
