4.031027799525197311e-03
7.762689057581723812e-03
1.121841181258134874e-02
1.441844719888922717e-02
1.738168080070769117e-02
2.012562425339604888e-02
2.266650027011200830e-02
2.501933375215887462e-02
2.719803898455277688e-02
2.921550125347566890e-02
3.108365270700761893e-02
3.281354274735130000e-02
3.441540327093749879e-02
3.589870911042388618e-02
3.727223402164340366e-02
3.854410253810163639e-02
3.972183799501566998e-02
4.081240700441057800e-02
4.182226064250956638e-02
4.275737259182286337e-02
4.362327446269588516e-02
4.442508850261442377e-02
4.516755788622082990e-02
4.585507476480064903e-02
4.649170624087543835e-02
4.708121842128136503e-02
4.762709869071965474e-02
4.813257633749176007e-02
4.860064165322428020e-02
4.903406361922392487e-02
4.943540628455611596e-02
4.980704393194489155e-02
5.015117512161303137e-02
5.046983569589359037e-02
5.076491082152672502e-02
5.103814614083968665e-02
5.129115809772216011e-02
5.152544349946618085e-02
5.174238837099900956e-02
5.194327615387074604e-02
5.212929529847398075e-02
5.230154629440243036e-02
5.246104818051314234e-02
5.260874457320550285e-02
5.274550924855175849e-02
5.287215131131502849e-02
5.298941998140584836e-02
5.309800902610389145e-02
5.319856086424380737e-02
5.329167036666301177e-02
5.337788837536054654e-02
5.345772496221527781e-02
5.353165244650918975e-02
5.360010818912929603e-02
5.366349717996190399e-02
5.372219443378920684e-02
5.377654720885767514e-02
5.382687706124915372e-02
5.387348174719936572e-02
5.391663698462162424e-02
5.395659808425402881e-02
5.399360146008165551e-02
5.402786602796456894e-02
5.405959450075314282e-02
5.408897458754195059e-02
5.411618010416785474e-02
5.414137200150868912e-02
5.416469931768248813e-02
5.418630005976384639e-02
5.420630202023931504e-02
5.422482353304559910e-02
5.424197417363393892e-02
5.425785540722887629e-02
5.427256118910978727e-02
5.428617852045273390e-02
5.429878796304028754e-02
5.431046411587107936e-02
5.432127605649579583e-02
5.433128774968597891e-02
5.434055842585640977e-02
5.434914293147741909e-02
5.435709205355657159e-02
5.436445282009093327e-02
5.437126877830069510e-02
5.437758025225242903e-02
5.438342458142179231e-02
5.438883634160007752e-02
5.439384754944497774e-02
5.439848785190087854e-02
5.440278470158654150e-02
5.440676351921329423e-02
5.441044784397472411e-02
5.441385947280866914e-02
5.441701858934627073e-02
5.441994388332787452e-02
5.442265266116834421e-02
5.442516094834574936e-02
5.442748358421062305e-02
5.442963430977484224e-02
5.443162584900958223e-02
