4.031027799525188637e-03
7.762689057594164381e-03
1.121841181260079326e-02
1.441844719891520812e-02
1.738168080074020683e-02
2.012562425343517730e-02
2.266650027015756561e-02
2.501933375221112102e-02
2.719803898949734247e-02
2.921550126030289171e-02
3.108365271541233335e-02
3.281354275823950700e-02
3.441540328456487580e-02
3.589870912691212751e-02
3.727223404112171845e-02
3.854410256052562267e-02
3.972183802034121719e-02
4.081240703257783126e-02
4.182226067344102516e-02
4.275737262542570610e-02
4.362327449887340447e-02
4.442508854126388934e-02
4.516755792724013591e-02
4.585507480811719383e-02
4.649170628623489759e-02
4.708121846865226390e-02
4.762709874000716631e-02
4.813257638859942678e-02
4.860064170601945815e-02
4.903406367363922352e-02
4.943540634048784049e-02
4.980704398933940430e-02
5.015117518035728389e-02
5.046983575592480648e-02
5.076491088280050967e-02
5.103814620329269469e-02
5.129115816135721567e-02
5.152544356429952788e-02
5.174238843686419093e-02
5.194327622072392181e-02
5.212929536505707395e-02
5.230154636134835833e-02
5.246104824783585918e-02
5.260874464080396440e-02
5.274550931648934460e-02
5.287215137954920374e-02
5.298942004992571175e-02
5.309800909487734366e-02
5.319856093326908592e-02
5.329167043593118630e-02
5.337788844485723272e-02
5.345772503193398084e-02
5.353165251643574041e-02
5.360010825925328598e-02
5.366349725027331347e-02
5.372219450427815485e-02
5.377654727951465541e-02
5.382687713206538160e-02
5.387348181816597331e-02
5.391663705573034732e-02
5.395659815549724153e-02
5.399360153145112834e-02
5.402786609945386259e-02
5.405959457235508941e-02
5.408897465925117248e-02
5.411618017597731589e-02
5.414137207341338659e-02
5.416469938967707204e-02
5.418630013184128069e-02
5.420630209239676173e-02
5.422482360527706990e-02
5.424197424593522887e-02
5.425785547959699473e-02
5.427256126154014759e-02
5.428617859294170012e-02
5.429878803558414735e-02
5.431046418846671719e-02
5.432127612914032511e-02
5.433128782237552079e-02
5.434055849858892423e-02
5.434914300425076200e-02
5.435709212636676696e-02
5.436445289293719008e-02
5.437126885118029329e-02
5.437758032802531005e-02
5.438342466075592879e-02
5.438883642525321749e-02
5.439384763802222050e-02
5.439848794589409453e-02
5.440278480138974887e-02
5.440676362513159614e-02
5.441044795623603547e-02
5.441385959157246655e-02
5.441701871471663760e-02
5.441994401535558273e-02
5.442265279986133880e-02
5.442516109367374205e-02
5.442748373611130952e-02
5.442963446815968914e-02
5.443162601376627663e-02
