1.376109490182728622e-02
2.404344007914026651e-02
3.173091297718338977e-02
3.747758845266272593e-02
4.177325778560218861e-02
4.498422183366870830e-02
4.738434930040885673e-02
4.917837818392480770e-02
5.051935729056554469e-02
5.152169207881712037e-02
5.227089992420838604e-02
5.283090363191894623e-02
5.324948395743422935e-02
5.356235561465316070e-02
5.379621417200072114e-02
5.397101361226482041e-02
5.410166878451066336e-02
5.419932795381932761e-02
5.427232399924793171e-02
5.432688540580217496e-02
5.436766770608453259e-02
5.439815071498552146e-02
5.442093544637317121e-02
5.443796604714393889e-02
5.445069568368082064e-02
5.446021053539771423e-02
5.446732247458532794e-02
5.447263834072590266e-02
5.447661172009332642e-02
5.447958164879673770e-02
