2.005385689211035619e-03
3.936448502448339389e-03
5.796444101339796352e-03
7.587940825271491385e-03
9.313453942356556686e-03
1.097541292738945726e-02
1.257615923309731223e-02
1.411794829714600567e-02
1.560295239251743675e-02
1.703326362833443644e-02
1.841089690141358565e-02
1.973779276491322704e-02
2.101582019163216949e-02
2.224677923293613344e-02
2.343240357585669315e-02
2.457436300239446841e-02
2.567426575496296534e-02
2.673366081250523607e-02
2.775404008042638496e-02
2.873684049849193137e-02
2.968344606985355918e-02
3.059518981426565323e-02
3.147335564866002994e-02
3.231918019784722068e-02
3.313385453804250369e-02
3.391852587580692496e-02
3.467429916484601748e-02
3.540223866302508876e-02
3.610336943185138425e-02
3.677867878057466955e-02
3.742911765697919807e-02
3.805560198685666029e-02
3.865901396407400020e-02
3.924020329305789867e-02
3.979998838547606221e-02
4.033915751280232193e-02
4.085846991640361414e-02
4.135865687671656798e-02
4.184042274303413633e-02
4.230444592533711551e-02
4.275137984960390020e-02
4.318185387790973717e-02
4.359647419465061818e-02
4.399582466010681231e-02
4.438046763258135519e-02
4.475094476024842061e-02
4.510777774384184396e-02
4.545146907125324764e-02
4.578250272507559254e-02
4.610134486412090227e-02
4.640844447973234421e-02
4.670423402805538166e-02
4.698913003897182278e-02
4.726353370258840753e-02
4.752783143416549477e-02
4.778239541820943764e-02
4.802758413255157205e-02
4.826374285311229445e-02
4.849120414008858265e-02
4.871028830622390476e-02
4.892130386785240037e-02
4.912454797931091466e-02
4.932030685137869797e-02
4.950885615427870479e-02
4.969046140587083521e-02
4.986537834551728332e-02
5.003385329421006222e-02
5.019612350140858353e-02
5.035241747913121735e-02
5.050295532372071211e-02
5.064794902577871710e-02
5.078760276866883111e-02
5.092211321605134844e-02
5.105166978879668166e-02
5.117645493173777343e-02
5.129664437055992537e-02
5.141240735927444377e-02
5.152390691852995475e-02
5.163130006519810189e-02
5.173473803345333966e-02
5.183436648776380828e-02
5.193032572798132740e-02
5.202275088692936977e-02
5.211177212069906250e-02
5.219751479191594989e-02
5.228009964628105299e-02
5.235964298260489119e-02
5.243625681657198417e-02
5.251004903848564831e-02
5.258112356519461378e-02
5.264958048643045285e-02
5.271551620575213454e-02
5.277902357630152169e-02
5.284019203155963795e-02
5.289910771128739086e-02
5.295585358282423744e-02
5.301050955792859648e-02
5.306315260530720945e-02
5.311385685900121834e-02
5.316269372278681349e-02
5.320973197072165900e-02
5.325503784400058283e-02
5.329867514422494124e-02
5.334070532326321001e-02
5.338118756977117824e-02
5.342017889256032298e-02
5.345773420083183014e-02
5.349390638154029320e-02
5.352874637372083411e-02
5.356230324044144314e-02
5.359462423710160267e-02
5.362575487782738487e-02
5.365573899778148387e-02
