5.051541166493605899e-03
9.633305319427886912e-03
1.379052705338961252e-02
1.756232932921145476e-02
2.098439583696841068e-02
2.408913629474555493e-02
2.690596628841965612e-02
2.946157848005365523e-02
3.178019279448762030e-02
3.388378464009448449e-02
3.579229251323536726e-02
3.752380657046254508e-02
3.909473983162493199e-02
4.051998357359146846e-02
4.181304835461698705e-02
4.298619198770202432e-02
4.405053566471426457e-02
4.501616932466427634e-02
4.589224726012835348e-02
4.668707486455553335e-02
4.740818734028512393e-02
4.806242111151067670e-02
4.865597861774283855e-02
4.919448710093000249e-02
4.968305194272206599e-02
5.012630505678450366e-02
5.052844879446570514e-02
5.089329577969460561e-02
5.122430505007569135e-02
5.152461484729174007e-02
5.179707236662418196e-02
5.204426074798852025e-02
5.226852356408990402e-02
5.247198703773994777e-02
5.265658019890418623e-02
5.282405317248431431e-02
5.297599377019072270e-02
5.311384254372965297e-02
5.323890644200159755e-02
5.335237120175449765e-02
5.345531258913172046e-02
5.354870659869381821e-02
5.363343870657243107e-02
5.371031226547542947e-02
5.378005612113496980e-02
5.384333152238639231e-02
5.390073839039541403e-02
5.395282100645498041e-02
5.400007317228519566e-02
5.404294289174996907e-02
5.408183661836548500e-02
5.411712310889365413e-02
5.414913691952757263e-02
5.417818157783051841e-02
5.420453246048778650e-02
5.422843940417954034e-02
5.425012907429115766e-02
5.426980711394786827e-02
5.428766009373689472e-02
5.430385728059846512e-02
5.431855224266592119e-02
5.433188430525762169e-02
5.434397987184300116e-02
5.435495362248517898e-02
5.436490960113317394e-02
5.437394220208877083e-02
5.438213706496020095e-02
5.438957188662570802e-02
5.439631715789281646e-02
5.440243683182802159e-02
5.440798893010680842e-02
5.441302609312691219e-02
5.441759607909871926e-02
5.442174221684837471e-02
5.442550381662531606e-02
5.442891654281105385e-02
5.443201275205572509e-02
5.443482180005780602e-02
5.443737031989323572e-02
5.443968247452286857e-02
