2.678333907067078756e-03
5.224284997511412058e-03
7.645125766318314371e-03
9.946925175614131434e-03
1.213552251704685427e-02
1.421648147406045712e-02
1.619509497083807675e-02
1.807639641723349927e-02
1.986517187254493305e-02
2.156597203549053682e-02
2.318312376028365887e-02
2.472074105930657795e-02
2.618273557644519231e-02
2.757282654870858371e-02
2.889455027716227378e-02
3.015126913089396024e-02
3.134618010653217324e-02
3.248232296542252068e-02
3.356258796945962852e-02
3.458972323563648532e-02
3.556634172806779487e-02
3.649492790579324936e-02
3.737784404333115151e-02
3.821733623981193179e-02
3.901554013276660460e-02
3.977448633051025584e-02
4.049610557738332617e-02
4.118223366488081572e-02
4.183461610123214575e-02
4.245491255130100922e-02
4.304470105813743008e-02
4.360548205691086587e-02
4.413868219145158922e-02
4.464565794313000296e-02
4.512769908120398132e-02
4.558603194360149463e-02
4.602182255631045993e-02
4.643617959938649981e-02
4.683015722709692186e-02
4.720475774943704017e-02
4.756093418171999238e-02
4.789959266882355682e-02
4.822159479021975725e-02
4.852775975166356837e-02
4.881886646908976946e-02
4.909565555004744702e-02
4.935883117768793266e-02
4.960906290210823771e-02
4.984698734360455685e-02
5.007320981216227540e-02
5.028830584730795833e-02
5.049282268223409531e-02
5.068728063592405075e-02
5.087217443681151668e-02
5.104797448134749255e-02
5.121512803067811842e-02
5.137406034846128677e-02
5.152517578273691640e-02
5.166885879458512493e-02
5.180547493620119015e-02
5.193537178086402029e-02
5.205887980717494035e-02
5.217631323980583685e-02
5.228797084889644925e-02
5.239413671014962054e-02
5.249508092752697835e-02
5.259106032041799272e-02
5.268231907700437339e-02
5.276908937549315559e-02
5.285159197479931403e-02
5.293003677617669211e-02
5.300462335722481294e-02
5.307554147963722269e-02
5.314297157197389598e-02
5.320708518868912107e-02
5.326804544659430318e-02
5.332600743983430258e-02
5.338111863447780880e-02
5.343351924368182349e-02
5.348334258441789224e-02
5.353071541664386479e-02
5.357575826580314449e-02
5.361858572945429197e-02
5.365930676882873368e-02
5.369802498603938601e-02
5.373483888766277666e-02
5.376984213535491997e-02
5.380312378413965035e-02
5.383476850898095967e-02
5.386485682020759891e-02
5.389346526834407763e-02
5.392066663887074701e-02
5.394653013740036140e-02
5.397112156574786213e-02
5.399450348934273225e-02
5.401673539640585581e-02
5.403787384929942261e-02
5.405797262842700068e-02
5.407708286906694195e-02
5.409525319146412520e-02
5.411252982452947891e-02
5.412895672345924281e-02
5.414457568155697093e-02
5.415942643657189332e-02
5.417354677179235523e-02
5.418697261217756550e-02
5.419973811575679729e-02
5.421187576052989565e-02
5.422341642710391124e-02
5.423438947725323783e-02
5.424482282862584659e-02
5.425474302576772240e-02
5.426417530766047825e-02
5.427314367193163125e-02
5.428167093591038800e-02
5.428977879467798695e-02
5.429748787626779288e-02
5.430481779414075144e-02
5.431178719709276598e-02
5.431841381669574170e-02
5.432471451241378813e-02
5.433070531449336882e-02
5.433640146475073734e-02
5.434181745534717028e-02
5.434696706566344293e-02
5.435186339735426087e-02
5.435651890768201239e-02
5.436094544121153338e-02
5.436515425994413453e-02
5.436915607197190248e-02
5.437296105871809032e-02
5.437657890084325596e-02
5.438001880287593459e-02
5.438328951662622229e-02
5.438639936345740500e-02
5.438935625545295027e-02
5.439216771554936797e-02
5.439484089667353389e-02
5.439738259994475467e-02
5.439979929197376329e-02
5.440209712131838932e-02
5.440428193412596286e-02
5.440635928900517532e-02
5.440833447117147254e-02
5.441021250589157809e-02
5.441199817127020943e-02
5.441369601040343951e-02
5.441531034294140590e-02
5.441684527607636157e-02
5.441830471499074784e-02
