6.763928002593114740e-03
1.268628479163091613e-02
1.787390972446967902e-02
2.241762965687342860e-02
2.639728945539478178e-02
2.988287926886818921e-02
3.293572005673535419e-02
3.560952883289293658e-02
3.795135839876313810e-02
4.000242258817308938e-02
4.179882007995971982e-02
4.337216879632162236e-02
4.475016179454625875e-02
4.595705429162741384e-02
4.701409031556504081e-02
4.793987644472917642e-02
4.875070918665018460e-02
4.946086173643397810e-02
5.008283515125627749e-02
5.062757835255041888e-02
5.110468082218053848e-02
5.152254138003364153e-02
5.188851601083270537e-02
5.220904733989017998e-02
5.248977803529335934e-02
5.273565013152027581e-02
5.295099202191595050e-02
5.313959465071661781e-02
5.330477824535499731e-02
5.344945076341353629e-02
5.357615908276674305e-02
5.368713383587621346e-02
5.378432867732636791e-02
5.386945467573352186e-02
5.394401043538339657e-02
5.400930847772873050e-02
5.406649834728401161e-02
5.411658684842685779e-02
5.416045576947418200e-02
5.419887740597571779e-02
5.423252815649784453e-02
5.426200043022839231e-02
5.428781307601618367e-02
5.431042051643522606e-02
5.433022074767333842e-02
5.434756234606924474e-02
5.436275060464186570e-02
5.437605290764378069e-02
5.438770343775019278e-02
5.439790729875153275e-02
5.440684412632549455e-02
5.441467125045583442e-02
5.442152646516829062e-02
5.442753045434520903e-02
5.443278891632157696e-02
5.443739442466929285e-02
5.444142805792172302e-02
5.444496082693388306e-02
5.444805492500508909e-02
5.445076482277171059e-02
