3.353544135739407531e-03
6.499746782316306176e-03
9.452388839223590730e-03
1.222326378496405019e-02
1.482353844936670946e-02
1.726370928413159533e-02
1.955363117516434324e-02
2.170255386308331258e-02
2.371915822933630402e-02
2.561159097723219799e-02
2.738749736773415933e-02
2.905405203164857994e-02
3.061798791489618587e-02
3.208562345521004389e-02
3.346288809332304687e-02
3.475534621589959627e-02
3.596821962612339191e-02
3.710640863218252899e-02
3.817451183821615052e-02
3.917684471683006292e-02
4.011745703889082332e-02
4.100014923049399851e-02
4.182848772319375241e-02
4.260581935944873083e-02
4.333528491137979971e-02
4.401983176744733023e-02
4.466222583821446990e-02
4.526506272926617003e-02
4.583077822638453869e-02
4.636165813527152318e-02
4.685984751559794936e-02
4.732735934658263005e-02
4.776608265914517037e-02
4.817779016741381704e-02
4.856414543044586252e-02
4.892670957303505569e-02
4.926694759277028268e-02
4.958623427879353673e-02
4.988585976617209566e-02
5.016703474830511850e-02
5.043089536841946496e-02
5.067850780989988091e-02
5.091087260400796455e-02
5.112892867237132238e-02
5.133355712057890985e-02
5.152558479820474463e-02
5.170578763963487590e-02
5.187489379919704019e-02
5.203358659325182239e-02
5.218250726113424914e-02
5.232225755609416773e-02
5.245340217670798472e-02
5.257647104857331166e-02
5.269196146551714116e-02
5.280034009895668429e-02
5.290204488353607293e-02
5.299748678665362062e-02
5.308705146903312105e-02
5.317110084304229461e-02
5.324997453505766337e-02
5.332399125778213012e-02
5.339345009806274051e-02
5.345863172540851055e-02
5.351979952608822144e-02
5.357720066740093157e-02
5.363106709640830944e-02
5.368161647716863938e-02
5.372905307025598737e-02
5.377356855812952946e-02
5.381534281966508099e-02
5.385454465700953430e-02
5.389133247766049462e-02
5.392585493455906431e-02
5.395825152675758074e-02
5.398865316310839935e-02
5.401718269122725985e-02
5.404395539390463576e-02
5.406907945492946815e-02
5.409265639623942606e-02
5.411478148815419831e-02
5.413554413433297602e-02
5.415502823304608332e-02
5.417331251618490162e-02
5.419047086740237662e-02
5.420657262066488902e-02
5.422168284041415515e-02
5.423586258448226394e-02
5.424916915081295227e-02
5.426165630899259379e-02
5.427337451752308611e-02
5.428437112771378886e-02
5.429469057502176593e-02
5.430437455860491480e-02
5.431346220982185419e-02
5.432199025035561873e-02
5.432999314059753365e-02
5.433750321889398854e-02
5.434455083222582833e-02
5.435116445882844094e-02
5.435737082327320169e-02
5.436319500445008918e-02
5.436866053691399858e-02
5.437378950597859806e-02
5.437860263696244617e-02
5.438311937893491876e-02
5.438735798330662785e-02
5.439133557758180776e-02
5.439506823456354695e-02
5.439857103730669913e-02
5.440185814006203574e-02
5.440494282547254923e-02
5.440783755824719903e-02
5.441055403552614439e-02
5.441310323414866312e-02
5.441549545501121049e-02
5.441774036468573911e-02
5.441984703448578958e-02
5.442182397711945591e-02
5.442367918108857033e-02
5.442542014296997827e-02
