8.144321472510087853e-03
1.506904210875064862e-02
2.095939095529756463e-02
2.596946019469244596e-02
3.023069921444683505e-02
3.385498874126444818e-02
3.693751439037269019e-02
3.955924658940670330e-02
4.178905914599126414e-02
4.368553430677311195e-02
4.529849950483930132e-02
4.667033508771010336e-02
4.783708695355423646e-02
4.882941309435034904e-02
4.967338878417351666e-02
5.039119149054908237e-02
5.100168345678215975e-02
5.152090723178662235e-02
5.196250714803862802e-02
5.233808780894849688e-02
5.265751899645165768e-02
5.292919500474713157e-02
5.316025521041187196e-02
5.335677167210903238e-02
5.352390868738939739e-02
5.366605849813877588e-02
5.378695670961774339e-02
5.388978045551978679e-02
5.397723188808916522e-02
5.405160918701949063e-02
5.411486695287086313e-02
5.416866757190571396e-02
5.421442490204469999e-02
5.425334142786550351e-02
5.428643986099779273e-02
5.431459001628288763e-02
5.433853166996996387e-02
5.435889400061445775e-02
5.437621212356241740e-02
5.439094115351918862e-02
5.440346816475478270e-02
5.441412236325135487e-02
5.442318373810380722e-02
5.443089041952313412e-02
5.443744493680919422e-02
5.444301954075216055e-02
5.444776073031604852e-02
5.445179310259457700e-02
5.445522262717270023e-02
5.445813943097509852e-02
